0000000000000000000000000000000000000000000000000000000000000000000000000000000000000000000000000000
0222222222222222222222222222222222222222222222222222222222222222222222222222222222222222222222222220
0222222222222222222222222222222222222222222222222222222222222222222222222222222222222222222222222220
0222222222222222222222222222222222222222222222222222222222222222222222222222222222222222222222222220
0222222222222222222222222222222222222222222222222222222222222222222222222222222222222222222222222220
0222222222222222222222222222222222222222222222222222222222222222222222222222222222222222222222222220
0222222222222222222222222222222222222222222222222222222222222222222222222222222222222222222222222220
0222222222222222222222222222222222222222222222222222222222222222222222222222222222222222222222222220
0222222222222222222222222222222222222222222222222222222222222222222222222222222222222222222222222220
0222222222222222222222222222222222222222222222222222222222222222222222222222222222222222222222222220
0222222222222222222222222222222222222222222222222222222222222222222222222222222222222222222222222220
0222222222222222222222222222222222222222222222222222222222222222222222222222222222222222222222222220
0222222222222222222222222222222222222222222222222222222222222222222222222222222222222222222222222220
0222222222222222222222222222222222222222222222222222222222222222222222222222222222222222222222222220
0222222222222222222222222222222222222222222222222222222222222222222222222222222222222222222222222220
0222222222222222222222222222222222222222222222222222222222222222222222222222222222222222222222222220
0222222222222222222222222222222222222222222222222222222222222222222222222222222222222222222222222220
0222222222222222222222222222222222222222222222222222222222222222222222222222222222222222222222222220
0222222222222222222222222222222222222222222222222222222222222222222222222222222222222222222222222220
0222222222222222222222222222222222222222222222222222222222222222222222222222222222222222222222222220
0222222222222222222222222222222222222222222222222222222222222222222222222222222222222222222222222220
0222222222222222222222222222222222222222222222222222222222222222222222222222222222222222222222222220
0222222222222222222222222222222222222222222222222222222222222222222222222222222222222222222222222220
0222222222222222222222222222222222222222222222222222222222222222222222222222222222222222222222222220
0222222222222222222222222222222222222222222222222222222222222222222222222222222222222222222222222220
0222222222222222222222222222222222222222222222222222222222222222222222222222222222222222222222222220
0222222222222222222222222222222222222222222222222222222222222222222222222222222222222222222222222220
0222222222222222222222222222222222222222222222222222222222222222222222222222222222222222222222222220
0222222222222222222222222222222222222222222222222222222222222222222222222222222222222222222222222220
0222222222222222222222222222222222222222222222222222222222222222222222222222222222222222222222222220
0222222222222222222222222222222222222222222222222222222222222222222222222222222222222222222222222220
0222222222222222222222222222222222222222222222222222222222222222222222222222222222222222222222222220
0222222222222222222222222222222222222222222222222222222222222222222222222222222222222222222222222220
0222222222222222222222222222222222222222222222222222222222222222222222222222222222222222222222222220
0222222222222222222222222222222222222222222222222222222222222222222222222222222222222222222222222220
0222222222222222222222222222222222222222222222222222222222222222222222222222222222222222222222222220
0222222222222222222222222222222222222222222222222222222222222222222222222222222222222222222222222220
0222222222222222222222222222222222222222222222222222222222222222222222222222222222222222222222222220
0222222222222222222222222222222222222222222222222222222222222222222222222222222222222222222222222220
0222222222222222222222222222222222222222222222222222222222222222222222222222222222222222222222222220
0222222222222222222222222222222222222222222222222222222222222222222222222222222222222222222222222220
0222222222222222222222222222222222222222222222222222222222222222222222222222222222222222222222222220
0222222222222222222222222222222222222222222222222222222222222222222222222222222222222222222222222220
0222222222222222222222222222222222222222222222222222222222222222222222222222222222222222222222222220
0222222222222222222222222222222222222222222222222222222222222222222222222222222222222222222222222220
0222222222222222222222222222222222222222222222222222222222222222222222222222222222222222222222222220
0222222222222222222222222222222222222222222222222222222222222222222222222222222222222222222222222220
0222222222222222222222222222222222222222222222222222222222222222222222222222222222222222222222222220
0222222222222222222222222222222222222222222222222222222222222222222222222222222222222222222222222220
0222222222222222222222222222222222222222222222222222222222222222222222222222222222222222222222222220
0222222222222222222222222222222222222222222222222222222222222222222222222222222222222222222222222220
0222222222222222222222222222222222222222222222222222222222222222222222222222222222222222222222222220
0222222222222222222222222222222222222222222222222222222222222222222222222222222222222222222222222220
0222222222222222222222222222222222222222222222222222222222222222222222222222222222222222222222222220
0222222222222222222222222222222222222222222222222222222222222222222222222222222222222222222222222220
0222222222222222222222222222222222222222222222222222222222222222222222222222222222222222222222222220
0222222222222222222222222222222222222222222222222222222222222222222222222222222222222222222222222220
0222222222222222222222222222222222222222222222222222222222222222222222222222222222222222222222222220
0222222222222222222222222222222222222222222222222222222222222222222222222222222222222222222222222220
0222222222222222222222222222222222222222222222222222222222222222222222222222222222222222222222222220
0222222222222222222222222222222222222222222222222222222222222222222222222222222222222222222222222220
0222222222222222222222222222222222222222222222222222222222222222222222222222222222222222222222222220
0222222222222222222222222222222222222222222222222222222222222222222222222222222222222222222222222220
0222222222222222222222222222222222222222222222222222222222222222222222222222222222222222222222222220
0222222222222222222222222222222222222222222222222222222222222222222222222222222222222222222222222220
0222222222222222222222222222222222222222222222222222222222222222222222222222222222222222222222222220
0222222222222222222222222222222222222222222222222222222222222222222222222222222222222222222222222220
0222222222222222222222222222222222222222222222222222222222222222222222222222222222222222222222222220
0222222222222222222222222222222222222222222222222222222222222222222222222222222222222222222222222220
0222222222222222222222222222222222222222222222222222222222222222222222222222222222222222222222222220
0222222222222222222222222222222222222222222222222222222222222222222222222222222222222222222222222220
0222222222222222222222222222222222222222222222222222222222222222222222222222222222222222222222222220
0222222222222222222222222222222222222222222222222222222222222222222222222222000000000000000222222220
0222222222222222222222222222222222222222222222222222222222222222222222222222022222222222220222222220
0222222222222222222222222222222222222222222222222222222222222222222222222222022222222222220222222220
0222222222222222222222222222222222222222222222222222222222222222222222222222022222222222220222222220
0222222222222222222222222222222222222222222222222222222222222222222222222222022222222222220222222220
0222222222222222222222222222222222222222222222222222222222222222222222222222022222222222220222222220
0222222222222222222222222222222222222222222222222222222222222222222222222222022222222222220222222220
0222222222222222222222222222222222222222222222222222222222222222222222222222000000000000000222222220
0222222222222222222222222222222222222222222222222222222222222222222222222222222222222222222222222220
0222222222222222222222222222222222222222222222222222222222222222222222222222222222222222222222222220
0222222222222222222222222222222222222222222222222222222222222222222222222222222222222222222222222220
0222222222222222222222222222222222222222222222222222222222222222222222222222222222222222222222222220
0222222222222222222222222222222222222222222222222222222222222222222222222222222222222222222222222220
0222222222222222222222222222222222222222222222222222222222222222222222222222222222222222222222222220
0222222222222222222222222222222222222222222222222222222222222222222222222222222222222222222222222220
0222222222222222222222222222222222222222222222222222222222222222222222222222222222222222222222222220
0222222222222222222222222222222222222222222222222222222222222222222222222222222222222222222222222220
0222222222222222222222222222222222222222222222222222222222222222222222222222222222222222222222222220
0222222222222222222222222222222222222222222222222222222222222222222222222222222222222222222222222220
0222222222222222222222222222222222222222222222222222222222222222222222222222222222222222222222222220
0222222222222222222222222222222222222222222222222222222222222222222222222222222222222222222222222220
0222222222222222222222222222222222222222222222222222222222222222222222222222222222222222222222222220
0222222222222222222222222222222222222222222222222222222222222222222222222222222222222222222222222220
0222222222222222222222222222222222222222222222222222222222222222222222222222222222222222222222222220
0222222222222222222222222222222222222222222222222222222222222222222222222222222222222222222222222220
0222222222222222222222222222222222222222222222222222222222222222222222222222222222222222222222222220
0222222222222222222222222222222222222222222222222222222222222222222222222222222222222222222222222220
0000000000000000000000000000000000000000000000000000000000000000000000000000000000000000000000000000

