0000000000000000000000000000000000000000000000000000000000000000000000000000000000000000000000000000
0222222222222222222222222222222222222222222222222222222222222222222222222222222222222222222222222220
0222222222222222222222222222222222222222222222222222222222222222222222222222222222222222222222222220
0222222222222222222222222222222222222222222222222222222222222222222222222222222222222222222222222220
0222222222222222222222222222222222222222222222222222222222222222222222222222222222222222222222222220
0222222222222222222222222222222222222222222222222222222222222222222222222222222222222222222222222220
0222222222222222222222222222222222222222222222222222222222222222222222222222222222222222222222222220
0222222222222222222222222222222222222222222222222222222222222222222222222222222222222222222222222220
0222222222222222222222222222222222222222222222222222222222222222222222222222222222222222222222222220
0222222222222222222222222222222222222222222222222222222222222222222222222222222222222222222222222220
0222222222222222222222222222222222222222222222222222222222222222222222222222222222222222222222222220
0222222222222222222222222222222222222222222222222222222222222222222222222222222222222222222222222220
0222222222222222222222222222222222222222222222222222222222222222222222222222222222222222222222222220
0222222222222222222222222222222222222222222222222222222222222222222222222222222222222222222222222220
0222222222222222222222222222222222222222222222222222222222222222222222222222222222222222222222222220
0222222222222222222222222222222222222222222222222222222222222222222222222222222222222222222222222220
0222222222222222222222222222222222222222222222222222222222222222222222222222222222222222222222222220
0222222222222222222222222222222222222222222222222222222222222222222222222222222222222222222222222220
0222222222222222222222222222222222222222222222222222222222222222222222222222222222222222222222222220
0222222222222222222222222222222222222222222222222222222222222222222222222222222222222222222222222220
0222222222222222222222222222222222222222222222222222222222222222222222222222222222222222222222222220
0222222222222222222222222222222222222222222222222222222222222222222222222222222222222222222222222220
0222222222222222222222222222222222222222222222222222222222222222222222222222222222222222222222222220
0222222222222222222222222222222222222222222222222222222222222222222222222222222222222222222222222220
0222222222222222222222222222222222222222222222222222222222222222222222222222222222222222222222222220
0222222222222222222222222222222222222222222222222222222222222222222222222222222222222222222222222220
0222222222222222222222222222222222222222222222222222222222222222222222222222222222222222222222222220
0222222222222222222222222222222222222222222222222222222222222222222222222222222222222222222222222220
0222222222222222222222222222222222222222222222222222222222222222222222222222222222222222222222222220
0222222222222222222222222222222222222222222222222222222222222222222222222222222222222222222222222220
0222222222222222222222222222222222222222222222222222222222222222222222222222222222222222222222222220
0222222222222222222222222222222222222222222222222222222222222222222222222222222222222222222222222220
0222222222222222222222222222222222222222222222222222222222222222222222222222222222222222222222222220
0222222222222222222222222222222222222222222222222222222222222222222222222222222222222222222222222220
0222222222222222222222222222222222222222222222222222222222222222222222222222222222222222222222222220
0222222222222222222222222222222222222222222222222222222222222222222222222222222222222222222222222220
0222222222222222222222222222222222222222222222222222222222222222222222222222222222222222222222222220
0222222222222222222222222222222222222222222222222222222222222222222222222222222222222222222222222220
0222222222222222222222222222222222222222222222222222222222222222222222222222222222222222222222222220
0222222222222222222222222222222222222222222222222222222222222222222222222222222222222222222222222220
0222222222222222222222222222222222222222222222222222222222222222222222222222222222222222222222222220
0222222222222222222222222222222222222222222222222222222222222222222222222222222222222222222222222220
0222222222222222222222222222222222222222222222222222222222222222222222222222222222222222222222222220
0222222222222222222222222222222222222222222222222222222222222222222222222222222222222222222222222220
0222222222222222222222222222222222222222222222222222222222222222222222222222222222222222222222222220
0222222222222222222222222222222222222222222222222222222222222222222222222222222222222222222222222220
0222222222222222222222222222222222222222222222222222222222222222222222222222222222222222222222222220
0222222222222222222222222222222222222222222222222222222222222222222222222222222222222222222222222220
0222222222222222222222222222222222222222222222222222222222222222222222222222222222222222222222222220
0222222222222222222222222222222222222222222222222222222222222222222222222222222222222222222222222220
0222222222222222222222222222222222222222222222222222222222222222222222222222222222222222222222222220
0222222222222222222222222222222222222222222222222222222222222222222222222222222222222222222222222220
0222222222222222222222222222222222222222222222222222222222222222222222222222222222222222222222222220
0222222222222222222222222222222222222222222222222222222222222222222222222222222222222222222222222220
0222222222222222222222222222222222222222222222222222222222222222222222222222222222222222222222222220
0222222222222222222222222222222222222222222222222222222222222222222222222222222222222222222222222220
0222222222222222222222222222222222222222222222222222222222222222222222222222222222222222222222222220
0222222222222222222222222222222222222222222222222222222222222222222222222222222222222222222222222220
0222222222222222222222222222222222222222222222222222222222222222222222222222222222222222222222222220
0222222222222222222222222222222222222222222222222222222222222222222222222222222222222222222222222220
0222222222222222222222222222222222222222222222222222222222222222222222222222222222222222222222222220
0222222222222222222222222222222222222222222222222222222222222222222222222222222222222222222222222220
0222222222222222222222222222222222222222222222222222222222222222222222222222222222222222222222222220
0222222222222222222222222222222222222222222222222222222222222222222222222222222222222222222222222220
0222222222222222222222222222222222222222222222222222222222222222222222222222222222222222222222222220
0222222222222222222222222222222222222222222222222222222222222222222222222222222222222222222222222220
0222222222222222222222222222222222222222222222222222222222222222222222222222222222222222222222222220
0222222222222222222222222222222222222222222222222222222222222222222222222222222222222222222222222220
0222222222222222222222222222222222222222222222222222222222222222222222222222222222222222222222222220
0222222222222222222222222222222222222222222222222222222222222222222222222222222222222222222222222220
0222222222222222222222222222222222222222222222222222222222222222222222222222222222222222222222222220
0222222222222222222222222222222222222222222222222222222222222222222222222220000000000000000022222220
0222222222222222222222222222222222222222222222222222222222222222222222222220222222222222222022222220
0222222222222222222222222222222222222222222222222222222222222222222222222220222222222222222022222220
0222222222222222222222222222222222222222222222222222222222222222222222222222222222222222222022222220
0222222222222222222222222222222222222222222222222222222222222222222222222222222222222222222022222220
0222222222222222222222222222222222222222222222222222222222222222222222222220222222222222222022222220
0222222222222222222222222222222222222222222222222222222222222222222222222220222222222222222022222220
0222222222222222222222222222222222222222222222222222222222222222222222222220222222222222222022222220
0222222222222222222222222222222222222222222222222222222222222222222222222220222222222222222022222220
0222222222222222222222222222222222222222222222222222222222222222222222222220000000002200000022222220
0222222222222222222222222222222222222222222222222222222222222222222222222222222222222222222222222220
0222222222222222222222222222222222222222222222222222222222222222222222222222222222222222222222222220
0222222222222222222222222222222222222222222222222222222222222222222222222222222222222222222222222220
0222222222222222222222222222222222222222222222222222222222222222222222222222222222222222222222222220
0222222222222222222222222222222222222222222222222222222222222222222222222222222222222222222222222220
0222222222222222222222222222222222222222222222222222222222222222222222222222222222222222222222222220
0222222222222222222222222222222222222222222222222222222222222222222222222222222222222222222222222220
0222222222222222222222222222222222222222222222222222222222222222222222222222222222222222222222222220
0222222222222222222222222222222222222222222222222222222222222222222222222222222222222222222222222220
0222222222222222222222222222222222222222222222222222222222222222222222222222222222222222222222222220
0222222222222222222222222222222222222222222222222222222222222222222222222222222222222222222222222220
0222222222222222222222222222222222222222222222222222222222222222222222222222222222222222222222222220
0222222222222222222222222222222222222222222222222222222222222222222222222222222222222222222222222220
0222222222222222222222222222222222222222222222222222222222222222222222222222222222222222222222222220
0222222222222222222222222222222222222222222222222222222222222222222222222222222222222222222222222220
0222222222222222222222222222222222222222222222222222222222222222222222222222222222222222222222222220
0222222222222222222222222222222222222222222222222222222222222222222222222222222222222222222222222220
0222222222222222222222222222222222222222222222222222222222222222222222222222222222222222222222222220
0000000000000000000000000000000000000000000000000000000000000000000000000000000000000000000000000000

