00000000000000000000000000000000000000000000000000
01111111111111111111111111111111111111111111111111
01111111111111111111111111111111111111111111111111
01111111111111111111111111111111111111111111111111
01111111111111111111111111111111111111111111111111
01111111111111111111111111111111111111111111111111
01111111111111111111111111111111111111111111111111
01111111111111111111111111111111111111111111111111
01111111111111111111111111111111111111111111111111
01111111111111111111111111111111111111111111111111
01111111111111111111111111111111111111111111111111
01111111111111111111111111111111111111111111111111
01111111111111111111111111111111111111111111111111
01111111111111111111111111111111111111111111111111
01111111111111111111111111111111111111111111111111
01111111111111111111111111111111111111111111111111
01111111111111111111111111111111111111111111111111
01111111111111111111111111111111111111111111111111
01111111111111111111111111111111111111111111111111
01111111111111111111111111111111111111111111111111
01111111111111111111111111111111111111111111111111
01111111111111111111111111111111111111111111111111
01111111111111111111111111111111111111111111111111
01111111111111111111111111111111111111111111111111
01111111111111111111111111111111111111111111111111
01111111111111111111111111111111111111111111111111
01111111111111111111111111111111111111111111111111
01111111111111111111111111111111111111111111111111
01111111111111111111111111111111111111111111111111
01111111111111111111111111111111111111111111111111
01111111111111111111111111111111111111111111111111
01111111111111111111111111111111111111111111111111
01111111111111111111111111111111111111111111111111
01111111111111111111111111111111111111111111111111
01111111111111111111111111111111111111111111111111
01111111111111111111111111111111111111111111111111
01111111111111111111111111111111111111111111111111
01111111111111111111111111111111111111111111111111
01111111111111111111111111111111111111111111111111
01111111111111111111111111111111111111111111111111
01111111111111111111111111111111111111111111111111
01111111111111111111111111111111111111111111111111
01111111111111111111111111111111111111111111111111
01111111111111111111111111111111111111111111111111
01111111111111111111111111111111111111111111111111
01111111111111111111111111111111111111111111111111
01111111111111111111111111111111111111111111111111
01111111111111111111111111111111111111111111111111
01111111111111111111111111111111111111111111111111
01111111111111111111111111111111111111111111111111

